lr: 0.0005222222222222222
l2: 2.3333333333333336e-05
